0.0 18.681541 20.615528 16.124516 18.110771 15.132746 19.0 16.0 18.110771 20.09975 16.763054 19.646883 38.078865 30.805843 39.357338 36.05551 40.311287 33.30165 35.35534 39.051247 10.0 10.198039 12.165525 13.0 15.0 15.132746 15.811388 17.117243 17.720045 20.0 20.615528 33.54102 31.622776 33.526108 32.38827 38.078865 35.35534 39.293766 41.231056 40.311287 20.615528 18.681541 19.313208 16.552946 21.540659 22.36068 20.59126 18.027756 23.323807 19.209373 22.803509 25.0 21.213203 45.17743 40.04997 35.057095 45.0 35.0 45.044422 35.057095 45.276924 22.36068 18.027756 14.142136 21.540659 12.806249 16.552946 12.206555 20.615528 15.811388 58.5235 57.00877 23.853722 55.713554 19.849434 15.811388 52.201534 52.0 50.289165 51.078373 51.47815 47.434166 35.35534 32.38827 31.04835 29.732138 26.476404 25.495098 26.925823 24.351591 20.615528 22.36068 44.20407 43.011627 40.60788 37.202152 36.05551 40.311287 30.805843 33.54102 38.078865 
18.681541 0.0 2.0 3.6055512 3.0 4.2426405 5.0990195 5.3851647 7.0 7.28011 10.198039 10.049875 26.24881 24.04163 28.600698 27.730848 30.232433 27.89265 30.805843 32.31099 23.43075 21.931713 23.345236 21.400934 26.907248 25.612497 23.853722 27.202942 25.553865 30.805843 28.178005 48.104053 44.82187 46.400433 43.56604 51.855568 46.141087 51.312767 53.0 50.537113 39.293766 37.363083 37.94733 35.1141 40.16217 40.853397 39.0 36.249138 41.62932 37.12142 40.706264 42.941822 38.587563 63.007935 58.077534 53.08484 63.1981 53.235325 63.387695 53.460266 63.788715 38.327538 33.37664 28.442924 38.118237 28.160255 33.06055 28.071337 38.0 33.0 62.801273 59.908264 38.832977 60.440052 33.955853 3.0 55.803226 57.384666 54.20332 56.63921 58.728188 51.855568 32.695564 29.966648 26.925823 24.351591 24.698177 23.853722 21.540659 20.59126 19.849434 17.0 27.802877 26.24881 24.41311 20.808653 19.209373 22.671568 14.764823 15.6205 19.723083 
20.615528 2.0 0.0 5.0 3.6055512 5.8309517 5.0990195 6.4031243 7.28011 7.0 10.770329 10.049875 25.0 23.537205 27.45906 26.925823 29.15476 27.45906 30.413813 31.622776 25.0 23.43075 24.758837 22.671568 28.284271 26.907248 25.0 28.42534 26.627054 32.01562 29.15476 49.497475 46.09772 47.63402 44.65423 53.15073 47.169907 52.43091 54.08327 51.47815 41.231056 39.293766 39.849716 37.0 42.059483 42.72002 40.853397 38.078865 43.462627 38.910152 42.48529 44.72136 40.311287 65.00769 60.074955 55.081757 65.192024 55.226807 65.37584 55.443665 65.76473 40.311287 35.35534 30.413813 40.112343 30.149628 35.057095 30.066593 40.0 35.0 64.03124 61.03278 40.792156 61.7171 35.902645 5.0 57.00877 58.728188 55.443665 58.0 60.207973 53.15073 33.54102 30.88689 27.730848 25.079872 25.806976 25.0 22.36068 21.633308 21.213203 18.027756 26.627054 25.0 23.323807 19.723083 18.027756 21.213203 13.928389 14.142136 18.027756 
16.124516 3.6055512 5.0 0.0 2.0 1.0 3.6055512 2.0 4.472136 5.656854 7.0 7.615773 25.495098 21.931713 27.58623 26.076809 29.068884 25.632011 28.460499 30.413813 20.0 18.439089 19.79899 17.804493 23.345236 22.022715 20.248457 23.600847 21.954498 27.202942 24.596748 44.553337 41.231056 42.80187 39.962482 48.270073 42.544094 47.707443 49.396355 46.957428 36.67424 34.713108 35.17101 32.280025 37.363083 37.94733 36.05551 33.24154 38.626415 34.0147 37.576588 39.812057 35.35534 61.03278 56.0 51.0 61.03278 51.0392 61.13101 51.156624 61.400326 36.878178 32.01562 27.202942 36.496574 26.683329 31.400637 26.476404 36.124783 31.144823 64.070274 61.400326 37.64306 61.611687 32.89377 3.1622777 57.14018 58.412327 55.470715 57.628117 59.413803 53.009434 34.785053 31.95309 29.12044 26.683329 26.400757 25.495098 23.769728 22.472204 21.095022 18.973665 31.400637 29.832869 28.01785 24.41311 22.803509 26.172504 18.35756 19.104973 23.021729 
18.110771 3.0 3.6055512 2.0 0.0 3.0 2.236068 2.828427 4.0 4.472136 7.28011 7.071068 24.04163 21.189621 26.24881 25.059929 27.802877 25.0 27.89265 29.546574 21.633308 20.0 21.260292 19.104973 24.758837 23.345236 21.400934 24.839485 23.021729 28.42534 25.553865 45.96738 42.520584 44.04543 41.04875 49.57822 43.56604 48.82622 50.47772 47.88528 38.63936 36.67424 37.107952 34.20526 39.293766 39.849716 37.94733 35.1141 40.496914 35.846897 39.39543 41.62932 37.12142 63.03174 58.0 53.0 63.03174 53.037724 63.126858 53.15073 63.387695 38.832977 33.955853 29.12044 38.470768 28.635643 33.37664 28.442924 38.118237 33.13608 65.21503 62.433964 39.56008 62.801273 34.785053 4.2426405 58.249462 59.665737 56.61272 58.898216 60.811184 54.20332 35.468296 32.695564 29.732138 27.202942 27.294687 26.41969 24.351591 23.259407 22.203604 19.697716 30.232433 28.600698 26.925823 23.323807 21.633308 24.758837 17.464249 17.691807 21.400934 
15.132746 4.2426405 5.8309517 1.0 3.0 0.0 4.472136 2.236068 5.0 6.4031243 7.071068 8.062258 26.24881 22.36068 28.284271 26.627054 29.732138 26.0 28.79236 30.88689 19.209373 17.691807 19.104973 17.20465 22.671568 21.400934 19.723083 23.021729 21.470911 26.627054 24.166092 43.863426 40.60788 42.201897 39.446167 47.63402 42.059483 47.169907 48.8774 46.518814 35.69314 33.734257 34.20526 31.320919 36.40055 37.0 35.1141 32.31099 37.696156 33.105892 36.67424 38.910152 34.48188 60.033325 55.0 50.0 60.033325 50.039986 60.133186 50.159744 60.40695 35.902645 31.04835 26.24881 35.510563 25.70992 30.413813 25.495098 35.128338 30.149628 63.51378 60.90156 36.687874 61.03278 31.95309 3.0 56.603886 57.801384 54.91812 57.00877 58.728188 52.43091 34.48188 31.622776 28.86174 26.476404 26.0 25.079872 23.537205 22.135944 20.59126 18.681541 32.01562 30.479502 28.600698 25.0 23.43075 26.907248 18.867962 19.849434 23.853722 
19.0 5.0990195 5.0990195 3.6055512 2.236068 4.472136 0.0 3.0 2.236068 2.236068 5.8309517 5.0 21.931713 18.973665 24.083189 22.825424 25.612497 22.803509 25.70992 27.313 21.470911 19.723083 20.808653 18.439089 24.207438 22.671568 20.518284 24.04163 22.022715 27.58623 24.41311 45.343136 41.725292 43.185646 40.0 48.79549 42.43819 47.801674 49.40648 46.647614 39.319206 37.336308 37.65634 34.713108 39.812057 40.261642 38.327538 35.44009 40.804413 36.05551 39.56008 41.785164 37.161808 64.12488 59.03389 54.037025 64.0 54.0 64.03124 54.037025 64.195015 40.261642 35.44009 30.675724 39.812057 30.083218 34.713108 29.832869 39.319206 34.36568 67.424034 64.66065 41.109608 65.0 36.40055 6.4031243 60.464867 61.846584 58.821766 61.073727 62.936478 56.400356 37.696156 34.928497 31.95309 29.410883 29.529646 28.653097 26.57066 25.495098 24.41311 21.931713 31.38471 29.681644 28.178005 24.596748 22.825424 25.612497 18.973665 18.601076 21.931713 
16.0 5.3851647 6.4031243 2.0 2.828427 2.236068 3.0 0.0 2.828427 4.472136 5.0 5.8309517 24.207438 20.12461 26.172504 24.41311 27.58623 23.769728 26.57066 28.653097 18.867962 17.20465 18.439089 16.27882 21.931713 20.518284 18.601076 22.022715 20.248457 25.612497 22.825424 43.13931 39.698868 41.231056 38.27532 46.75468 40.81666 46.043457 47.707443 45.17743 36.345562 34.36568 34.713108 31.780497 36.878178 37.363083 35.44009 32.572994 37.94733 33.24154 36.769554 39.0 34.43835 61.13101 56.0357 51.0392 61.0 51.0 61.03278 51.0392 61.204575 37.363083 32.572994 27.856777 36.878178 27.202942 31.780497 26.925823 36.345562 31.400637 65.734314 63.134777 38.27532 63.245552 33.61547 5.0990195 58.830265 60.0 57.14018 59.20304 60.876926 54.644306 36.687874 33.83785 31.04835 28.635643 28.231188 27.313 25.70992 24.351591 22.825424 20.880613 33.01515 31.400637 29.681644 26.076809 24.41311 27.58623 20.12461 20.518284 24.207438 
18.110771 7.0 7.28011 4.472136 4.0 5.0 2.236068 2.828427 0.0 2.0 3.6055512 3.1622777 21.400934 17.464249 23.345236 21.633308 24.758837 21.189621 24.04163 25.942244 19.697716 17.888544 18.867962 16.40122 22.203604 20.615528 18.384777 21.931713 19.849434 25.455845 22.203604 43.27817 39.59798 41.036568 37.802116 46.66905 40.22437 45.607018 47.201694 44.418465 38.118237 36.124783 36.345562 33.37664 38.470768 38.832977 36.878178 33.955853 39.293766 34.48188 37.94733 40.16217 35.468296 63.28507 58.137768 53.15073 63.03174 53.037724 63.0 53.0 63.07139 39.849716 35.1141 30.463093 39.293766 29.732138 34.20526 29.410883 38.63936 33.734257 68.50548 65.863495 40.853397 66.0303 36.249138 7.615773 61.587337 62.801273 59.908264 62.008064 63.702435 57.428215 39.217342 36.40055 33.526108 31.04835 30.870699 29.966648 28.160255 26.925823 25.553865 23.409399 33.61547 31.906113 30.413813 26.832815 25.059929 27.802877 21.189621 20.808653 24.04163 
20.09975 7.28011 7.0 5.656854 4.472136 6.4031243 2.236068 4.472136 2.0 0.0 5.0 3.1622777 19.849434 16.763054 21.931713 20.59126 23.43075 20.615528 23.537205 25.079872 21.540659 19.697716 20.59126 18.027756 23.853722 22.203604 19.849434 23.43075 21.213203 26.907248 23.43075 44.82187 41.036568 42.426407 39.051247 48.104053 41.400482 46.8615 48.414875 45.486263 40.112343 38.118237 38.327538 35.35534 40.4475 40.792156 38.832977 35.902645 41.231056 36.40055 39.849716 42.059483 37.336308 65.27634 60.133186 55.145264 65.03076 55.03635 65.0 55.0 65.06919 41.761227 37.0 32.31099 41.231056 31.622776 36.138622 31.320919 40.60788 35.69314 69.63476 66.88796 42.72002 67.20119 38.078865 8.602325 62.681736 64.03124 61.03278 63.25346 65.06919 58.60034 39.92493 37.161808 34.176014 31.622776 31.764761 30.88689 28.79236 27.730848 26.627054 24.166092 32.649654 30.88689 29.546574 26.0 24.166092 26.627054 20.615528 19.723083 22.671568 
16.763054 10.198039 10.770329 7.0 7.28011 7.071068 5.8309517 5.0 3.6055512 5.0 0.0 3.0 21.470911 15.811388 23.021729 20.518284 24.207438 19.235384 21.931713 24.41311 16.763054 14.866069 15.652476 13.038404 18.867962 17.20465 14.866069 18.439089 16.27882 21.931713 18.601076 39.824615 36.069378 37.48333 34.20526 43.13931 36.619667 42.0119 43.60046 40.81666 36.0 34.0 34.058773 31.06445 36.124783 36.345562 34.36568 31.400637 36.67424 31.780497 35.17101 37.363083 32.572994 61.66036 56.435802 51.47815 61.204575 51.24451 61.073727 51.088158 61.0 39.0 34.43835 30.016663 38.27532 29.068884 33.24154 28.635643 37.363083 32.572994 69.97142 67.53518 40.24922 67.41662 35.846897 10.049875 63.134777 64.070274 61.400326 63.245552 64.66065 58.830265 41.484936 38.600517 35.902645 33.54102 32.89377 31.95309 30.594116 29.12044 27.313 25.70992 37.215588 35.510563 34.0 30.413813 28.653097 31.400637 24.698177 24.41311 27.58623 
19.646883 10.049875 10.049875 7.615773 7.071068 8.062258 5.0 5.8309517 3.1622777 3.1622777 3.0 0.0 18.867962 14.3178215 20.615528 18.601076 21.931713 18.027756 20.880613 22.825424 19.646883 17.720045 18.384777 15.652476 21.470911 19.723083 17.20465 20.808653 18.439089 24.207438 20.518284 42.201897 38.28838 39.623226 36.124783 45.343136 38.418747 43.931767 45.453274 42.43819 39.0 37.0 37.054016 34.058773 39.115215 39.319206 37.336308 34.36568 39.623226 34.713108 38.078865 40.261642 35.44009 64.629715 59.413803 54.451813 64.195015 54.230988 64.070274 54.08327 64.0 41.785164 37.161808 32.649654 41.109608 31.780497 36.05551 31.38471 40.261642 35.44009 71.561165 68.96376 42.953465 69.065186 38.470768 10.770329 64.66065 65.802734 62.968246 65.0 66.6033 60.464867 42.379242 39.56008 36.687874 34.20526 34.0147 33.105892 31.320919 30.083218 28.653097 26.57066 35.77709 34.0 32.695564 29.15476 27.313 29.681644 23.769728 22.825424 25.612497 
38.078865 26.24881 25.0 25.495098 24.04163 26.24881 21.931713 24.207438 21.400934 19.849434 21.470911 18.867962 0.0 10.440307 3.0 7.071068 5.0 12.206555 14.142136 11.18034 35.35534 33.37664 33.13608 30.149628 35.0 33.0 30.0 33.06055 30.066593 35.35534 30.413813 52.201534 47.434166 48.104053 43.462627 53.851646 44.72136 50.537113 51.47815 47.169907 55.9017 53.935146 53.600372 50.635956 55.443665 55.226807 53.235325 50.24938 55.081757 50.08992 53.009434 55.0 50.0 82.2253 76.902534 72.03471 81.394104 71.5891 81.04937 71.19691 80.622574 60.41523 55.9017 51.47815 59.615433 50.537113 54.626 50.08992 58.5235 53.851646 89.02247 86.023254 61.7171 86.683334 57.306194 28.284271 82.006096 83.630135 80.43009 82.87943 84.85281 78.10249 58.30952 55.758408 52.478565 49.73932 50.803543 50.0 47.169907 46.615448 46.09772 43.011627 42.0 40.0 40.112343 37.336308 35.35534 35.0 34.48188 30.413813 30.0 
30.805843 24.04163 23.537205 21.931713 21.189621 22.36068 18.973665 20.12461 17.464249 16.763054 15.811388 14.3178215 10.440307 0.0 10.0 5.3851647 10.198039 4.0 7.0 8.602325 26.24881 24.351591 23.769728 20.880613 25.179358 23.194826 20.22375 23.021729 20.024984 25.079872 20.09975 41.761227 37.0 37.696156 33.105892 43.462627 34.48188 40.311287 41.340054 37.202152 46.840153 44.922153 44.38468 41.484936 46.09772 45.705578 43.737854 40.792156 45.39824 40.4475 43.185646 45.099888 40.112343 73.37575 68.007355 63.245552 72.277245 62.641838 71.80529 62.0967 71.19691 53.0 48.82622 44.82187 51.971146 43.60046 47.169907 43.011627 50.537113 46.141087 85.75546 83.240616 54.644306 83.21658 50.606323 25.079872 78.892334 79.881165 77.175125 79.05694 80.43009 74.62573 56.648037 53.851646 50.92151 48.38388 48.332184 47.423622 45.54119 44.38468 42.941822 40.853397 46.09772 44.14748 43.56604 40.311287 38.327538 39.293766 36.0 33.37664 34.48188 
39.357338 28.600698 27.45906 27.58623 26.24881 28.284271 24.083189 26.172504 23.345236 21.931713 23.021729 20.615528 3.0 10.0 0.0 5.3851647 2.0 10.770329 12.206555 8.602325 35.902645 33.955853 33.54102 30.594116 35.128338 33.13608 30.149628 33.01515 30.016663 35.057095 30.066593 51.41984 46.572525 47.127487 42.379242 52.810986 43.462627 49.24429 50.08992 45.65085 56.515484 54.571056 54.129475 51.1957 55.9017 55.578773 53.600372 50.635956 55.326305 50.358715 53.15073 55.081757 50.08992 82.96987 77.62087 72.8011 82.0 72.277245 81.58431 71.80529 81.04937 61.7171 57.306194 53.0 60.835846 51.971146 55.9017 51.47815 59.615433 55.03635 91.400215 88.481636 63.134777 89.02247 58.830265 30.479502 84.40379 85.91275 82.800964 85.146935 87.0 80.43009 60.90156 58.30952 55.072678 52.35456 53.25411 52.43091 49.73932 49.09175 48.414875 45.486263 45.0 43.0 43.104523 40.311287 38.327538 38.0 37.363083 33.37664 33.0 
36.05551 27.730848 26.925823 26.076809 25.059929 26.627054 22.825424 24.41311 21.633308 20.59126 20.518284 18.601076 7.071068 5.3851647 5.3851647 0.0 5.0 5.3851647 7.071068 5.0 31.622776 29.732138 29.12044 26.24881 30.413813 28.442924 25.495098 28.160255 25.179358 30.0 25.0 46.09772 41.231056 41.761227 37.0 47.434166 38.078865 43.863426 44.72136 40.311287 52.201534 50.289165 49.729267 46.840153 51.41984 50.990196 49.0306 46.09772 50.635956 45.705578 48.373547 50.24938 45.276924 78.74643 73.37575 68.622154 77.62087 68.007355 77.12976 67.44627 76.48529 58.30952 54.08327 50.0 57.306194 48.82622 52.478565 48.259712 55.9017 51.47815 90.13878 87.46428 59.908264 87.658424 55.803226 29.15476 83.21658 84.40379 81.5414 83.60024 85.146935 79.05694 60.41523 57.697487 54.626 52.0 52.35456 51.47815 49.24429 48.30114 47.169907 44.72136 47.26521 45.276924 45.044422 42.0 40.0 40.311287 38.327538 35.0 35.35534 
40.311287 30.232433 29.15476 29.068884 27.802877 29.732138 25.612497 27.58623 24.758837 23.43075 24.207438 21.931713 5.0 10.198039 2.0 5.0 0.0 10.198039 11.18034 7.071068 36.40055 34.48188 33.955853 31.04835 35.35534 33.37664 30.413813 33.13608 30.149628 35.0 30.0 50.990196 46.09772 46.572525 41.761227 52.201534 42.72002 48.466484 49.24429 44.72136 57.00877 55.081757 54.571056 51.662365 56.293873 55.9017 53.935146 50.990196 55.578773 50.635956 53.338543 55.226807 50.24938 83.52245 78.160095 73.37575 82.46211 72.8011 82.0 72.277245 81.394104 62.649822 58.30952 54.08327 61.7171 53.0 56.82429 52.478565 60.41523 55.9017 93.00538 90.13878 64.14047 90.60353 59.908264 32.01562 86.023254 87.458565 84.40379 86.683334 88.45903 82.006096 62.649822 60.033325 56.82429 54.120235 54.91812 54.08327 51.47815 50.77401 50.0 47.169907 47.0 45.0 45.099888 42.296574 40.311287 40.0 39.293766 35.35534 35.0 
33.30165 27.89265 27.45906 25.632011 25.0 26.0 22.803509 23.769728 21.189621 20.615528 19.235384 18.027756 12.206555 4.0 10.770329 5.3851647 10.198039 0.0 3.0 5.8309517 27.730848 25.942244 25.079872 22.36068 25.96151 24.04163 21.189621 23.537205 20.615528 25.079872 20.09975 40.792156 35.902645 36.40055 31.622776 42.059483 32.695564 38.483765 39.357338 34.98571 48.104053 46.238514 45.54119 42.72002 47.127487 46.572525 44.64303 41.761227 46.09772 41.231056 43.737854 45.54119 40.60788 74.672615 69.289246 64.62198 73.37575 63.90618 72.8011 63.245552 72.03471 55.21775 51.224995 47.423622 54.08327 46.09772 49.40648 45.453274 52.478565 48.259712 89.1852 86.76981 57.00877 86.608315 53.15073 28.79236 82.36504 83.21658 80.622574 82.37718 83.60024 78.03204 60.40695 57.58472 54.708317 52.201534 52.0 51.078373 49.335587 48.104053 46.518814 44.598206 50.01 48.052055 47.518417 44.28318 42.296574 43.174065 40.0 37.336308 38.327538 
35.35534 30.805843 30.413813 28.460499 27.89265 28.79236 25.70992 26.57066 24.04163 23.537205 21.931713 20.880613 14.142136 7.0 12.206555 7.071068 11.18034 3.0 0.0 5.0 29.15476 27.45906 26.41969 23.853722 26.925823 25.079872 22.36068 24.351591 21.540659 25.495098 20.615528 40.311287 35.35534 35.69314 30.805843 41.231056 31.622776 37.336308 38.078865 33.54102 49.24429 47.423622 46.615448 43.863426 48.104053 47.434166 45.54119 42.72002 46.840153 42.059483 44.38468 46.09772 41.231056 75.76939 70.38466 65.795135 74.330345 65.0 73.68175 64.25729 72.8011 57.00877 53.15073 49.497475 55.803226 48.104053 51.224995 47.423622 54.08327 50.0 91.787796 89.44272 58.898216 89.1852 55.17246 31.622776 85.0 85.75546 83.240616 84.90583 86.023254 80.622574 63.245552 60.40695 57.567352 55.081757 54.781384 53.851646 52.201534 50.92151 49.24429 47.434166 52.95281 50.990196 50.48762 47.26521 45.276924 46.09772 43.0 40.311287 41.231056 
39.051247 32.31099 31.622776 30.413813 29.546574 30.88689 27.313 28.653097 25.942244 25.079872 24.41311 22.825424 11.18034 8.602325 8.602325 5.0 7.071068 5.8309517 5.0 0.0 33.54102 31.764761 30.870699 28.178005 31.622776 29.732138 26.925823 29.12044 26.24881 30.413813 25.495098 45.276924 40.311287 40.60788 35.69314 46.09772 36.40055 42.059483 42.72002 38.078865 53.851646 52.0 51.264023 48.466484 52.810986 52.201534 50.289165 47.434166 51.662365 46.840153 49.24429 50.990196 46.09772 80.411446 75.026665 70.38466 79.05694 69.641945 78.44743 68.94926 77.62087 61.03278 57.00877 53.15073 59.908264 51.855568 55.21775 51.224995 58.30952 54.08327 94.33981 91.787796 62.801273 91.809586 58.898216 33.54102 87.46428 88.481636 85.75546 87.658424 89.02247 83.21658 65.0 62.241467 59.236813 56.648037 56.797886 55.9017 53.851646 52.801514 51.47815 49.24429 52.23983 50.24938 50.039986 47.0 45.0 45.276924 43.289722 40.0 40.311287 
10.0 23.43075 25.0 20.0 21.633308 19.209373 21.470911 18.867962 19.697716 21.540659 16.763054 19.646883 35.35534 26.24881 35.902645 31.622776 36.40055 27.730848 29.15476 33.54102 0.0 2.0 2.828427 5.3851647 5.0 5.3851647 7.071068 7.28011 8.602325 10.0 11.18034 25.0 22.36068 24.166092 22.561028 29.15476 25.495098 29.732138 31.622776 30.413813 20.615528 18.681541 18.248287 15.297058 20.09975 20.0 18.0 15.0 20.09975 15.132746 18.439089 20.615528 15.811388 47.127487 41.761227 37.0 46.09772 36.40055 45.705578 35.902645 45.276924 28.284271 25.0 22.36068 26.907248 20.59126 22.671568 19.723083 25.0 21.213203 68.007355 66.70832 30.479502 65.14599 27.45906 21.213203 61.846584 61.351448 59.908264 60.40695 60.41523 57.00877 45.276924 42.296574 40.792156 39.293766 36.345562 35.35534 36.40055 33.955853 30.413813 31.622776 50.931328 49.497475 47.423622 43.863426 42.426407 46.09772 37.536648 39.051247 43.011627 
10.198039 21.931713 23.43075 18.439089 20.0 17.691807 19.723083 17.20465 17.888544 19.697716 14.866069 17.720045 33.37664 24.351591 33.955853 29.732138 34.48188 25.942244 27.45906 31.764761 2.0 0.0 2.0 3.6055512 5.3851647 5.0 5.8309517 7.0 7.615773 10.198039 10.440307 26.24881 23.323807 25.059929 23.086792 30.232433 25.96151 30.463093 32.31099 30.805843 22.561028 20.615528 20.22375 17.262676 22.090721 22.0 20.0 17.0 22.090721 17.117243 20.396078 22.561028 17.720045 49.0408 43.68066 38.8973 48.052055 38.327538 47.67599 37.85499 47.26521 29.732138 26.24881 23.323807 28.42534 21.633308 24.04163 20.808653 26.627054 22.671568 68.622154 67.18631 31.827662 65.78754 28.600698 19.849434 62.361847 62.03225 60.440052 61.09828 61.269894 57.567352 45.099888 42.107006 40.4475 38.832977 36.124783 35.128338 35.902645 33.54102 30.149628 31.04835 49.57822 48.104053 46.09772 42.520584 41.036568 44.598206 36.23534 37.536648 41.400482 
12.165525 23.345236 24.758837 19.79899 21.260292 19.104973 20.808653 18.439089 18.867962 20.59126 15.652476 18.384777 33.13608 23.769728 33.54102 29.12044 33.955853 25.079872 26.41969 30.870699 2.828427 2.0 0.0 3.0 3.6055512 3.0 4.2426405 5.0 5.8309517 8.246211 8.5440035 24.758837 21.633308 23.323807 21.189621 28.600698 24.04163 28.635643 30.463093 28.86174 23.086792 21.189621 20.615528 17.720045 22.36068 22.090721 20.09975 17.117243 22.0 17.0 20.09975 22.203604 17.262676 49.648766 44.27189 39.56008 48.507732 38.8973 48.052055 38.327538 47.518417 31.112698 27.802877 25.059929 29.732138 23.323807 25.495098 22.472204 27.802877 24.04163 70.5195 69.12308 33.30165 67.6757 30.232433 21.400934 64.288414 63.90618 62.361847 62.968246 63.07139 59.48109 47.095646 44.102154 42.426407 40.792156 38.118237 37.12142 37.85499 35.510563 32.140316 32.984844 51.088158 49.57822 47.63402 44.04543 42.520584 45.96738 37.802116 38.8973 42.638012 
13.0 21.400934 22.671568 17.804493 19.104973 17.20465 18.439089 16.27882 16.40122 18.027756 13.038404 15.652476 30.149628 20.880613 30.594116 26.24881 31.04835 22.36068 23.853722 28.178005 5.3851647 3.6055512 3.0 0.0 5.8309517 4.2426405 3.0 5.8309517 5.0 9.433981 8.0 26.907248 23.43075 25.0 22.36068 30.479502 25.079872 30.016663 31.764761 29.732138 25.96151 24.04163 23.537205 20.615528 25.317978 25.079872 23.086792 20.09975 25.0 20.0 23.086792 25.179358 20.22375 52.49762 47.127487 42.379242 51.41984 41.761227 50.990196 41.231056 50.48762 33.30165 29.732138 26.627054 32.01562 25.0 27.58623 24.207438 30.232433 26.24881 71.51224 69.92139 35.35534 68.70953 32.01562 19.723083 65.14599 65.0 63.245552 64.07808 64.412735 60.40695 47.0 44.0 42.107006 40.311287 38.0 37.0 37.336308 35.128338 32.0 32.38827 49.20366 47.63402 45.80393 42.201897 40.60788 43.863426 36.05551 36.796738 40.36087 
15.0 26.907248 28.284271 23.345236 24.758837 22.671568 24.207438 21.931713 22.203604 23.853722 18.867962 21.470911 35.0 25.179358 35.128338 30.413813 35.35534 25.96151 26.925823 31.622776 5.0 5.3851647 3.6055512 5.8309517 0.0 2.0 5.0 2.828427 5.3851647 5.0 7.071068 21.213203 18.027756 19.723083 17.720045 25.0 20.615528 25.079872 26.925823 25.495098 22.36068 20.59126 19.697716 17.0 21.189621 20.615528 18.681541 15.811388 20.22375 15.297058 18.027756 20.0 15.0 48.8467 43.462627 38.910152 47.434166 38.078865 46.840153 37.336308 46.09772 32.01562 29.15476 26.925823 30.479502 25.079872 26.627054 24.166092 28.284271 25.0 72.8011 71.5891 34.4093 69.92139 31.764761 25.0 66.70832 66.09841 64.7611 65.14599 65.0 61.846584 50.24938 47.26521 45.705578 44.14748 41.303753 40.311287 41.231056 38.832977 35.35534 36.40055 54.67175 53.15073 51.224995 47.63402 46.09772 49.497475 41.400482 42.426407 46.09772 
15.132746 25.612497 26.907248 22.022715 23.345236 21.400934 22.671568 20.518284 20.615528 22.203604 17.20465 19.723083 33.0 23.194826 33.13608 28.442924 33.37664 24.04163 25.079872 29.732138 5.3851647 5.0 3.0 4.2426405 2.0 0.0 3.0 2.0 3.6055512 5.3851647 5.8309517 22.671568 19.209373 20.808653 18.384777 26.24881 21.189621 25.942244 27.730848 25.96151 24.166092 22.36068 21.540659 18.788294 23.086792 22.561028 20.615528 17.720045 22.203604 17.262676 20.024984 22.0 17.0 50.695168 45.310043 40.718548 49.335587 39.92493 48.76474 39.217342 48.052055 33.30165 30.232433 27.730848 31.827662 25.942244 27.802877 25.059929 29.732138 26.24881 73.37575 72.03471 35.608986 70.5195 32.75668 23.853722 67.18631 66.730804 65.25335 65.78754 65.795135 62.361847 50.08992 47.095646 45.39824 43.737854 41.109608 40.112343 40.792156 38.470768 35.128338 35.902645 53.413483 51.855568 50.0 46.400433 44.82187 48.104053 40.22437 41.036568 44.598206 
15.811388 23.853722 25.0 20.248457 21.400934 19.723083 20.518284 18.601076 18.384777 19.849434 14.866069 17.20465 30.0 20.22375 30.149628 25.495098 30.413813 21.189621 22.36068 26.925823 7.071068 5.8309517 4.2426405 3.0 5.0 3.0 0.0 3.6055512 2.0 7.071068 5.0 25.0 21.213203 22.671568 19.723083 28.284271 22.36068 27.45906 29.15476 26.925823 26.925823 25.079872 24.351591 21.540659 25.96151 25.495098 23.537205 20.615528 25.179358 20.22375 23.021729 25.0 20.0 53.488316 48.104053 43.462627 52.201534 42.72002 51.662365 42.059483 50.990196 35.35534 32.01562 29.15476 33.970577 27.45906 29.732138 26.627054 32.01562 28.284271 74.330345 72.8011 37.536648 71.51224 34.4093 22.36068 68.007355 67.77905 66.09841 66.85058 67.08204 63.245552 50.0 47.0 45.099888 43.289722 41.0 40.0 40.311287 38.118237 35.0 35.35534 51.613953 50.0 48.259712 44.65423 43.011627 46.09772 38.587563 39.051247 42.426407 
17.117243 27.202942 28.42534 23.600847 24.839485 23.021729 24.04163 22.022715 21.931713 23.43075 18.439089 20.808653 33.06055 23.021729 33.01515 28.160255 33.13608 23.537205 24.351591 29.12044 7.28011 7.0 5.0 5.8309517 2.828427 2.0 3.6055512 0.0 3.0 3.6055512 4.2426405 21.400934 17.691807 19.209373 16.552946 24.758837 19.313208 24.186773 25.942244 24.04163 25.059929 23.323807 22.36068 19.723083 23.769728 23.086792 21.189621 18.384777 22.561028 17.720045 20.22375 22.090721 17.117243 51.47815 46.09772 41.59327 49.979996 40.718548 49.335587 39.92493 48.507732 34.828148 31.906113 29.546574 33.30165 27.730848 29.410883 26.832815 31.112698 27.802877 75.28612 73.97973 37.202152 72.42237 34.48188 25.553865 69.12308 68.622154 67.18631 67.6757 67.62396 64.288414 52.086468 49.09175 47.38143 45.705578 43.104523 42.107006 42.755116 40.4475 37.12142 37.85499 55.0 53.413483 51.613953 48.010414 46.400433 49.57822 41.880783 42.520584 45.96738 
17.720045 25.553865 26.627054 21.954498 23.021729 21.470911 22.022715 20.248457 19.849434 21.213203 16.27882 18.439089 30.066593 20.024984 30.016663 25.179358 30.149628 20.615528 21.540659 26.24881 8.602325 7.615773 5.8309517 5.0 5.3851647 3.6055512 2.0 3.0 0.0 5.8309517 3.0 23.853722 19.849434 21.213203 18.027756 26.907248 20.59126 25.806976 27.45906 25.079872 27.730848 25.942244 25.079872 22.36068 26.57066 25.96151 24.04163 21.189621 25.495098 20.615528 23.194826 25.079872 20.09975 54.230988 48.8467 44.28318 52.810986 43.462627 52.201534 42.72002 51.41984 36.796738 33.600594 30.88689 35.35534 29.15476 31.241 28.301943 33.30165 29.732138 76.2168 74.726166 39.051247 73.38937 36.05551 24.166092 69.92139 69.641945 68.007355 68.70953 68.8767 65.14599 52.0 49.0 47.095646 45.276924 43.0 42.0 42.296574 40.112343 37.0 37.336308 53.25411 51.613953 49.92995 46.32494 44.65423 47.63402 40.311287 40.60788 43.863426 
20.0 30.805843 32.01562 27.202942 28.42534 26.627054 27.58623 25.612497 25.455845 26.907248 21.931713 24.207438 35.35534 25.079872 35.057095 30.0 35.0 25.079872 25.495098 30.413813 10.0 10.198039 8.246211 9.433981 5.0 5.3851647 7.071068 3.6055512 5.8309517 0.0 5.0 18.027756 14.142136 15.6205 13.0 21.213203 15.811388 20.59126 22.36068 20.615528 25.0 23.43075 22.203604 19.849434 23.323807 22.36068 20.59126 18.027756 21.540659 17.0 18.973665 20.615528 15.811388 51.0 45.65085 41.340054 49.24429 40.311287 48.466484 39.357338 47.434166 36.05551 33.54102 31.622776 34.4093 29.732138 30.88689 28.79236 32.01562 29.15476 77.62087 76.48529 38.587563 74.726166 36.249138 29.15476 71.5891 70.88018 69.63476 69.92139 69.641945 66.70832 55.226807 52.23983 50.635956 49.0306 46.270943 45.276924 46.09772 43.737854 40.311287 41.231056 58.60034 57.00877 55.21775 51.613953 50.0 53.15073 45.486263 46.09772 49.497475 
20.615528 28.178005 29.15476 24.596748 25.553865 24.166092 24.41311 22.825424 22.203604 23.43075 18.601076 20.518284 30.413813 20.09975 30.066593 25.0 30.0 20.09975 20.615528 25.495098 11.18034 10.440307 8.5440035 8.0 7.071068 5.8309517 5.0 4.2426405 3.0 5.0 0.0 22.36068 18.027756 19.209373 15.6205 25.0 18.027756 23.43075 25.0 22.36068 29.15476 27.45906 26.41969 23.853722 27.730848 26.925823 25.079872 22.36068 26.24881 21.540659 23.769728 25.495098 20.615528 55.461697 50.08992 45.65085 53.851646 44.72136 53.14132 43.863426 52.201534 39.051247 36.05551 33.54102 37.536648 31.764761 33.600594 30.88689 35.35534 32.01562 79.05694 77.62087 41.400482 76.2168 38.587563 26.925823 72.8011 72.44998 70.88018 71.51224 71.5891 68.007355 55.0 52.0 50.08992 48.259712 46.0 45.0 45.276924 43.104523 40.0 40.311287 55.758408 54.08327 52.478565 48.8774 47.169907 50.0 42.941822 43.011627 46.09772 
33.54102 48.104053 49.497475 44.553337 45.96738 43.863426 45.343136 43.13931 43.27817 44.82187 39.824615 42.201897 52.201534 41.761227 51.41984 46.09772 50.990196 40.792156 40.311287 45.276924 25.0 26.24881 24.758837 26.907248 21.213203 22.671568 25.0 21.400934 23.853722 18.027756 22.36068 0.0 5.0 5.3851647 10.198039 5.0 11.18034 9.433981 11.18034 14.142136 25.495098 25.179358 23.194826 23.0 22.561028 20.615528 20.22375 20.0 18.681541 18.0 16.27882 15.811388 15.0 45.343136 40.60788 37.735924 42.426407 36.05551 41.036568 34.4093 39.051247 40.311287 40.0 40.311287 38.327538 38.327538 37.0 37.336308 35.35534 35.0 85.146935 85.0 43.289722 82.1523 43.0 46.09772 80.0 78.160095 78.0 77.16217 75.66373 75.0 68.007355 65.14599 64.25729 63.15853 59.464275 58.5235 60.41523 57.77543 53.851646 55.9017 75.82216 74.330345 72.34639 68.76772 67.26812 70.71068 62.482 63.63961 67.26812 
31.622776 44.82187 46.09772 41.231056 42.520584 40.60788 41.725292 39.698868 39.59798 41.036568 36.069378 38.28838 47.434166 37.0 46.572525 41.231056 46.09772 35.902645 35.35534 40.311287 22.36068 23.323807 21.633308 23.43075 18.027756 19.209373 21.213203 17.691807 19.849434 14.142136 18.027756 5.0 0.0 2.0 5.3851647 7.071068 7.071068 8.0 10.0 11.18034 26.925823 26.24881 24.351591 23.537205 24.166092 22.36068 21.540659 20.615528 20.59126 18.681541 17.888544 18.027756 15.811388 48.79549 43.863426 40.60788 46.09772 39.051247 44.82187 37.536648 43.011627 41.231056 40.311287 40.0 39.293766 38.0 37.336308 37.0 36.40055 35.35534 85.58621 85.146935 44.14748 82.607506 43.289722 43.011627 80.1561 78.63841 78.160095 77.64664 76.48529 75.16648 66.70832 63.788715 62.641838 61.351448 57.974133 57.00877 58.5235 55.97321 52.201534 53.851646 72.62231 71.063354 69.2026 65.60488 64.03124 67.26812 59.405388 60.207973 63.63961 
33.526108 46.400433 47.63402 42.80187 44.04543 42.201897 43.185646 41.231056 41.036568 42.426407 37.48333 39.623226 48.104053 37.696156 47.127487 41.761227 46.572525 36.40055 35.69314 40.60788 24.166092 25.059929 23.323807 25.0 19.723083 20.808653 22.671568 19.209373 21.213203 15.6205 19.209373 5.3851647 2.0 0.0 5.0 5.8309517 5.8309517 6.0 8.0 9.433981 28.79236 28.160255 26.24881 25.495098 26.0 24.166092 23.409399 22.561028 22.36068 20.615528 19.697716 19.723083 17.720045 50.20956 45.343136 42.201897 47.423622 40.60788 46.09772 39.051247 44.20407 43.174065 42.296574 42.0 41.231056 40.0 39.319206 39.0 38.327538 37.336308 87.57283 87.14356 46.09772 84.59315 45.276924 44.65423 82.1523 80.622574 80.1561 79.630394 78.44743 77.16217 68.65858 65.734314 64.56005 63.245552 59.908264 58.940647 60.40695 57.870544 54.120235 55.713554 74.20242 72.62231 70.80254 67.20119 65.60488 68.76772 61.03278 61.7171 65.06919 
32.38827 43.56604 44.65423 39.962482 41.04875 39.446167 40.0 38.27532 37.802116 39.051247 34.20526 36.124783 43.462627 33.105892 42.379242 37.0 41.761227 31.622776 30.805843 35.69314 22.561028 23.086792 21.189621 22.36068 17.720045 18.384777 19.723083 16.552946 18.027756 13.0 15.6205 10.198039 5.3851647 5.0 0.0 10.440307 3.0 7.81025 9.433981 8.0 30.88689 29.966648 28.178005 26.925823 28.301943 26.627054 25.553865 24.166092 25.0 22.36068 22.203604 22.671568 19.723083 53.814495 48.79549 45.343136 51.224995 43.863426 50.0 42.426407 48.259712 44.598206 43.174065 42.296574 42.72002 40.311287 40.261642 39.319206 39.92493 38.327538 88.28363 87.57283 47.434166 85.32877 46.09772 42.059483 82.607506 81.394104 80.622574 80.411446 79.555016 77.64664 67.74216 64.77654 63.348244 61.846584 58.855755 57.870544 58.940647 56.515484 52.95281 54.120235 71.281136 69.63476 67.95587 64.3506 62.681736 65.60488 58.30952 58.60034 61.7171 
38.078865 51.855568 53.15073 48.270073 49.57822 47.63402 48.79549 46.75468 46.66905 48.104053 43.13931 45.343136 53.851646 43.462627 52.810986 47.434166 52.201534 42.059483 41.231056 46.09772 29.15476 30.232433 28.600698 30.479502 25.0 26.24881 28.284271 24.758837 26.907248 21.213203 25.0 5.0 7.071068 5.8309517 10.440307 0.0 10.0 5.8309517 7.071068 11.18034 30.413813 30.149628 28.160255 28.0 27.45906 25.495098 25.179358 25.0 23.537205 23.0 21.213203 20.615528 20.0 49.20366 44.65423 42.059483 46.09772 40.311287 44.598206 38.587563 42.426407 45.276924 45.0 45.276924 43.289722 43.289722 42.0 42.296574 40.311287 40.0 90.13878 90.0 48.259712 87.14356 48.0 50.0 85.0 83.15047 83.0 82.1523 80.622574 80.0 72.8011 69.92139 68.94926 67.77905 64.195015 63.245552 65.0 62.39391 58.5235 60.41523 79.64923 78.10249 76.2168 72.62231 71.063354 74.330345 66.4003 67.26812 70.71068 
35.35534 46.141087 47.169907 42.544094 43.56604 42.059483 42.43819 40.81666 40.22437 41.400482 36.619667 38.418747 44.72136 34.48188 43.462627 38.078865 42.72002 32.695564 31.622776 36.40055 25.495098 25.96151 24.04163 25.079872 20.615528 21.189621 22.36068 19.313208 20.59126 15.811388 18.027756 11.18034 7.071068 5.8309517 3.0 10.0 0.0 5.8309517 7.071068 5.0 33.54102 32.695564 30.870699 29.732138 30.88689 29.15476 28.178005 26.925823 27.45906 25.079872 24.698177 25.0 22.36068 55.86591 50.931328 47.63402 53.15073 46.09772 51.855568 44.598206 50.0 47.434166 46.09772 45.276924 45.54119 43.289722 43.174065 42.296574 42.72002 41.231056 91.24144 90.55385 50.289165 88.28363 49.0306 44.72136 85.58621 84.34453 83.60024 83.360664 82.46211 80.622574 70.71068 67.74216 66.287254 64.7611 61.81424 60.827625 61.846584 59.439045 55.9017 57.00877 73.78347 72.11102 70.491135 66.88796 65.192024 68.007355 60.90156 61.03278 64.03124 
39.293766 51.312767 52.43091 47.707443 48.82622 47.169907 47.801674 46.043457 45.607018 46.8615 42.0119 43.931767 50.537113 40.311287 49.24429 43.863426 48.466484 38.483765 37.336308 42.059483 29.732138 30.463093 28.635643 30.016663 25.079872 25.942244 27.45906 24.186773 25.806976 20.59126 23.43075 9.433981 8.0 6.0 7.81025 5.8309517 5.8309517 0.0 2.0 5.3851647 34.48188 33.955853 32.01562 31.400637 31.622776 29.732138 29.12044 28.442924 27.856777 26.476404 25.298222 25.079872 23.537205 54.67175 50.0 47.169907 51.662365 45.486263 50.20956 43.829212 48.104053 49.0306 48.259712 48.0 47.07441 46.0 45.276924 45.0 44.14748 43.289722 93.53609 93.13431 51.971146 90.55385 51.24451 49.73932 88.14193 86.579445 86.145226 85.58621 84.34453 83.15047 74.52516 71.5891 70.34202 68.96376 65.734314 64.7611 66.09841 63.600315 59.908264 61.351448 79.05694 77.42093 75.716576 72.11102 70.45566 73.409805 66.037865 66.4003 69.52697 
41.231056 53.0 54.08327 49.396355 50.47772 48.8774 49.40648 47.707443 47.201694 48.414875 43.60046 45.453274 51.47815 41.340054 50.08992 44.72136 49.24429 39.357338 38.078865 42.72002 31.622776 32.31099 30.463093 31.764761 26.925823 27.730848 29.15476 25.942244 27.45906 22.36068 25.0 11.18034 10.0 8.0 9.433981 7.071068 7.071068 2.0 0.0 5.0 36.40055 35.902645 33.955853 33.37664 33.526108 31.622776 31.04835 30.413813 29.732138 28.442924 27.202942 26.925823 25.495098 56.22277 51.613953 48.8774 53.15073 47.169907 51.662365 45.486263 49.497475 50.990196 50.24938 50.0 49.0306 48.0 47.26521 47.0 46.09772 45.276924 95.524864 95.131485 53.935146 92.541885 53.235325 51.47815 90.13878 88.56636 88.14193 87.57283 86.313385 85.146935 76.48529 73.545906 72.277245 70.88018 67.68308 66.70832 68.007355 65.52099 61.846584 63.245552 80.70936 79.05694 77.388626 73.78347 72.11102 75.0 67.74216 68.007355 71.063354 
40.311287 50.537113 51.47815 46.957428 47.88528 46.518814 46.647614 45.17743 44.418465 45.486263 40.81666 42.43819 47.169907 37.202152 45.65085 40.311287 44.72136 34.98571 33.54102 38.078865 30.413813 30.805843 28.86174 29.732138 25.495098 25.96151 26.925823 24.04163 25.079872 20.615528 22.36068 14.142136 11.18034 9.433981 8.0 11.18034 5.0 5.3851647 5.0 0.0 38.078865 37.336308 35.468296 34.48188 35.341194 33.54102 32.695564 31.622776 31.764761 29.732138 29.068884 29.15476 26.925823 59.464275 54.67175 51.613953 56.568542 50.0 55.17246 48.414875 53.15073 52.201534 50.990196 50.24938 50.289165 48.259712 48.052055 47.26521 47.434166 46.09772 96.17692 95.524864 55.081757 93.214806 53.935146 49.24429 90.55385 89.26926 88.56636 88.28363 87.32124 85.58621 75.66373 72.691124 71.19691 69.63476 66.75328 65.76473 66.70832 64.327286 60.827625 61.846584 78.03204 76.321686 74.793045 71.19691 69.46222 72.11102 65.29931 65.192024 68.007355 
20.615528 39.293766 41.231056 36.67424 38.63936 35.69314 39.319206 36.345562 38.118237 40.112343 36.0 39.0 55.9017 46.840153 56.515484 52.201534 57.00877 48.104053 49.24429 53.851646 20.615528 22.561028 23.086792 25.96151 22.36068 24.166092 26.925823 25.059929 27.730848 25.0 29.15476 25.495098 26.925823 28.79236 30.88689 30.413813 33.54102 34.48188 36.40055 38.078865 0.0 2.0 2.828427 5.3851647 3.0 5.0 5.3851647 7.071068 7.0 8.602325 9.219544 10.0 11.18034 26.57066 21.189621 16.552946 25.495098 15.811388 25.179358 15.297058 25.0 15.0 15.811388 18.027756 13.0 16.40122 13.0 15.6205 10.0 11.18034 60.0 60.207973 18.0 57.0 18.681541 36.40055 55.226807 53.0 53.235325 52.0 50.24938 50.24938 47.169907 44.65423 44.82187 44.598206 39.824615 39.051247 42.426407 39.59798 35.35534 39.051247 63.631752 62.649822 60.033325 56.82429 55.9017 60.41523 50.537113 53.851646 58.5235 
18.681541 37.363083 39.293766 34.713108 36.67424 33.734257 37.336308 34.36568 36.124783 38.118237 34.0 37.0 53.935146 44.922153 54.571056 50.289165 55.081757 46.238514 47.423622 52.0 18.681541 20.615528 21.189621 24.04163 20.59126 22.36068 25.079872 23.323807 25.942244 23.43075 27.45906 25.179358 26.24881 28.160255 29.966648 30.149628 32.695564 33.955853 35.902645 37.336308 2.0 0.0 2.0 3.6055512 3.6055512 5.3851647 5.0 5.8309517 7.28011 7.615773 9.0 10.198039 10.440307 28.460499 23.086792 18.384777 27.45906 17.720045 27.166155 17.262676 27.0 15.132746 15.297058 17.0 13.152946 15.264338 12.369317 14.422205 10.198039 10.440307 60.033325 60.074955 18.110771 57.035076 18.248287 34.48188 55.081757 53.037724 53.08484 52.03845 50.48762 50.08992 46.141087 43.56604 43.60046 43.27817 38.600517 37.802116 41.036568 38.209946 33.970577 37.536648 61.91123 60.90156 58.30952 55.072678 54.120235 58.60034 48.76474 52.0 56.648037 
19.313208 37.94733 39.849716 35.17101 37.107952 34.20526 37.65634 34.713108 36.345562 38.327538 34.058773 37.054016 53.600372 44.38468 54.129475 49.729267 54.571056 45.54119 46.615448 51.264023 18.248287 20.22375 20.615528 23.537205 19.697716 21.540659 24.351591 22.36068 25.079872 22.203604 26.41969 23.194826 24.351591 26.24881 28.178005 28.160255 30.870699 32.01562 33.955853 35.468296 2.828427 2.0 0.0 3.0 2.236068 3.6055512 3.0 4.2426405 5.3851647 5.8309517 7.0 8.246211 8.5440035 29.15476 23.769728 19.235384 27.89265 18.384777 27.45906 17.720045 27.073973 17.117243 17.262676 18.788294 15.132746 17.0 14.3178215 16.124516 12.165525 12.369317 62.03225 62.072536 20.09975 59.03389 20.22375 35.1141 57.07889 55.03635 55.081757 54.037025 52.46904 52.086468 47.88528 45.276924 45.221676 44.82187 40.22437 39.40812 42.520584 39.698868 35.468296 38.8973 62.968246 61.91123 59.36329 56.0803 55.072678 59.48109 49.73932 52.801514 57.384666 
