34.928497 77.87811 75.58439 97.580734 54.571056 51.884487 37.054016 85.60374 88.14193 79.22752 101.414986 28.84441 51.0392 27.018513 81.7435 25.70992 74.54529 76.843994 73.82411 36.23534 64.03124 84.17244 78.03204 25.23886 75.96052 21.095022 25.96151 84.8646 62.289646 16.27882 72.780495 
77.87811 0.0 3.1622777 37.054016 86.58522 26.24881 48.08326 40.706264 58.821766 90.21086 45.276924 67.17886 39.446167 55.108982 77.46612 59.665737 41.109608 41.109608 43.046486 88.0 48.83646 58.258045 8.944272 58.0517 100.72239 58.30952 64.381676 28.79236 71.5891 65.192024 48.0 
75.58439 3.1622777 0.0 36.013885 83.43261 23.769728 46.75468 38.483765 56.302753 87.13208 44.04543 65.8559 38.910152 52.392746 74.518456 58.0517 42.426407 38.418747 44.28318 85.00588 49.365982 55.605755 7.071068 55.31727 97.575615 56.302753 61.522354 26.925823 68.44706 63.245552 49.09175 
97.580734 37.054016 36.013885 0.0 83.546394 50.537113 77.87811 17.029387 33.83785 75.66373 8.5440035 96.17692 73.24616 70.76723 59.22837 86.95401 78.160095 25.70992 80.09994 93.62158 85.28775 35.902645 29.068884 73.0 90.088844 82.419655 76.02631 12.806249 63.387695 89.40358 85.02353 
54.571056 86.58522 83.43261 83.546394 0.0 65.74192 74.330345 66.70832 56.82429 26.925823 82.565125 78.29432 84.38602 43.863426 36.878178 70.178345 106.83164 57.870544 107.200745 21.377558 101.91173 52.773098 81.04937 41.868843 21.540659 61.294373 34.4093 74.24284 21.023796 63.06346 108.706024 
51.884487 26.24881 23.769728 50.537113 65.74192 0.0 27.513634 44.407207 56.718605 75.690155 56.648037 45.65085 26.476404 29.15476 66.88796 36.619667 43.27817 39.051247 44.20407 63.505905 43.081318 54.34151 26.400757 32.140316 83.00603 33.30165 39.012817 38.078865 55.17246 40.36087 47.169907 
37.054016 48.08326 46.75468 77.87811 74.330345 27.513634 0.0 71.5891 82.0 91.706055 84.15462 19.104973 14.0 30.479502 86.977005 12.649111 37.65634 65.37584 37.107952 63.812225 28.653097 79.05694 51.613953 32.526913 94.81033 16.492422 40.36087 65.551506 71.11259 21.023796 36.769554 
85.60374 40.706264 38.483765 17.029387 66.70832 44.407207 71.5891 0.0 19.209373 59.03389 16.643316 88.54378 70.00714 58.60034 43.011627 78.77182 80.08121 9.433981 81.7435 77.82673 84.59315 20.12461 31.764761 60.440052 73.171036 72.91776 62.241467 12.727922 46.389652 79.60528 86.12201 
88.14193 58.821766 56.302753 33.83785 56.82429 56.718605 82.0 19.209373 0.0 43.011627 29.15476 96.87621 83.18654 62.297672 26.019224 86.833176 96.38464 18.384777 97.862144 72.249565 99.20181 4.2426405 50.0 63.324562 58.420887 79.624115 62.649822 31.890438 35.846897 85.61542 101.84302 
79.22752 90.21086 87.13208 75.66373 26.925823 75.690155 91.706055 59.03389 43.011627 0.0 72.02777 99.62429 99.04544 62.39391 17.117243 90.47652 118.92855 52.49762 119.753914 48.270073 116.82893 40.04997 82.764725 61.351448 16.155495 81.596565 55.542778 69.92139 20.808653 84.89994 122.28655 
101.414986 45.276924 44.04543 8.5440035 82.565125 56.648037 84.15462 16.643316 29.15476 72.02777 0.0 102.044106 80.411446 74.41102 55.145264 92.574295 86.37129 26.076809 88.27797 94.41398 93.08598 32.0 37.01351 76.41989 87.0919 87.46428 78.64477 18.681541 61.846584 94.33981 93.13431 
28.84441 67.17886 65.8559 96.17692 78.29432 45.65085 19.104973 88.54378 96.87621 99.62429 102.044106 0.0 30.413813 37.65634 97.867256 10.049875 50.48762 81.49233 49.25444 63.126858 38.0 93.53609 70.60453 38.327538 99.72964 18.248287 44.38468 83.630135 80.04999 15.264338 47.0 
51.0392 39.446167 38.910152 73.24616 84.38602 26.476404 14.0 70.00714 83.18654 99.04544 80.411446 30.413813 0.0 41.04875 92.13577 26.305893 24.04163 65.37584 23.769728 76.02631 17.804493 80.80842 44.94441 43.56604 103.96634 30.265491 51.62364 61.81424 78.23682 35.014282 24.41311 
27.018513 55.108982 52.392746 70.76723 43.863426 29.15476 30.479502 58.60034 62.297672 62.39391 74.41102 37.65634 41.04875 0.0 60.299255 28.160255 64.412735 49.92995 64.49806 35.735138 58.258045 58.5235 53.488316 3.0 64.40497 19.416489 10.770329 58.137768 42.44997 24.020824 65.459915 
81.7435 77.46612 74.518456 59.22837 36.878178 66.88796 86.977005 43.011627 26.019224 17.117243 55.145264 97.867256 92.13577 60.299255 0.0 88.11924 109.859 37.589893 110.94143 56.435802 109.59015 23.345236 69.40461 60.074955 32.984844 79.630394 56.142673 54.626 19.646883 84.14868 114.05701 
25.70992 59.665737 58.0517 86.95401 70.178345 36.619667 12.649111 78.77182 86.833176 90.47652 92.574295 10.049875 26.305893 28.160255 88.11924 0.0 49.09175 71.568146 48.259712 56.63921 38.327538 83.48653 62.289646 29.15476 91.416626 8.944272 35.846897 74.30343 70.60453 9.486833 47.07441 
74.54529 41.109608 42.426407 78.160095 106.83164 43.27817 37.65634 80.08121 96.38464 118.92855 86.37129 50.48762 24.04163 64.412735 109.859 49.09175 0.0 78.0 2.236068 99.80982 13.892444 94.847244 49.497475 67.08204 125.49502 54.129475 75.13322 69.2315 98.31073 58.30952 7.615773 
76.843994 41.109608 38.418747 25.70992 57.870544 39.051247 65.37584 9.433981 18.384777 52.49762 26.076809 81.49233 65.37584 49.92995 37.589893 71.568146 78.0 0.0 79.47956 68.42514 81.02469 17.20465 32.526913 51.613953 65.76473 65.192024 53.037724 17.464249 38.013157 71.693794 83.48653 
73.82411 43.046486 44.28318 80.09994 107.200745 44.20407 37.107952 81.7435 97.862144 119.753914 88.27797 49.25444 23.769728 64.49806 110.94143 48.259712 2.236068 79.47956 0.0 99.744675 12.083046 96.25487 51.351727 67.11929 126.06348 53.600372 75.17979 71.021126 99.08582 57.558666 5.3851647 
36.23534 88.0 85.00588 93.62158 21.377558 63.505905 63.812225 77.82673 72.249565 48.270073 94.41398 63.126858 76.02631 35.735138 56.435802 56.63921 99.80982 68.42514 99.744675 0.0 92.43917 68.0147 84.38009 32.89377 41.19466 48.414875 25.0 82.5409 37.802116 48.104053 100.239716 
64.03124 48.83646 49.365982 85.28775 101.91173 43.081318 28.653097 84.59315 99.20181 116.82893 93.08598 38.0 17.804493 58.258045 109.59015 38.327538 13.892444 81.02469 12.083046 92.43917 0.0 97.123634 56.22277 60.60528 121.69634 44.777225 68.60029 75.00667 96.02083 47.801674 9.0 
84.17244 58.258045 55.605755 35.902645 52.773098 54.34151 79.05694 20.12461 4.2426405 40.04997 32.0 93.53609 80.80842 58.5235 23.345236 83.48653 94.847244 17.20465 96.25487 68.0147 97.123634 0.0 49.57822 59.464275 55.145264 76.11833 58.59181 32.449963 31.764761 82.0 100.08996 
78.03204 8.944272 7.071068 29.068884 81.04937 26.400757 51.613953 31.764761 50.0 82.764725 37.01351 70.60453 44.94441 53.488316 69.40461 62.289646 49.497475 32.526913 51.351727 84.38009 56.22277 49.57822 0.0 56.302753 93.98404 59.665737 61.846584 19.924858 64.84597 66.70832 56.142673 
25.23886 58.0517 55.31727 73.0 41.868843 32.140316 32.526913 60.440052 63.324562 61.351448 76.41989 38.327538 43.56604 3.0 60.074955 29.15476 67.08204 51.613953 67.11929 32.89377 60.60528 59.464275 56.302753 0.0 62.681736 20.248457 8.062258 60.440052 41.773197 24.083189 67.95587 
75.96052 100.72239 97.575615 90.088844 21.540659 83.00603 94.81033 73.171036 58.420887 16.155495 87.0919 99.72964 103.96634 64.40497 32.984844 91.416626 125.49502 65.76473 126.06348 41.19466 121.69634 55.145264 93.98404 62.681736 0.0 82.492424 55.569775 83.18654 29.15476 84.5281 128.0039 
21.095022 58.30952 56.302753 82.419655 61.294373 33.30165 16.492422 72.91776 79.624115 81.596565 87.46428 18.248287 30.265491 19.416489 79.630394 8.944272 54.129475 65.192024 53.600372 48.414875 44.777225 76.11833 59.665737 20.248457 82.492424 0.0 26.925823 69.63476 61.846584 7.071068 53.14132 
25.96151 64.381676 61.522354 76.02631 34.4093 39.012817 40.36087 62.241467 62.649822 55.542778 78.64477 44.38468 51.62364 10.770329 56.142673 35.846897 75.13322 53.037724 75.17979 25.0 68.60029 58.59181 61.846584 8.062258 55.569775 26.925823 0.0 63.812225 37.01351 29.410883 76.00658 
84.8646 28.79236 26.925823 12.806249 74.24284 38.078865 65.551506 12.727922 31.890438 69.92139 18.681541 83.630135 61.81424 58.137768 54.626 74.30343 69.2315 17.464249 71.021126 82.5409 75.00667 32.449963 19.924858 60.440052 83.18654 69.63476 63.812225 0.0 55.081757 76.6094 75.66373 
62.289646 71.5891 68.44706 63.387695 21.023796 55.17246 71.11259 46.389652 35.846897 20.808653 61.846584 80.04999 78.23682 42.44997 19.646883 70.60453 98.31073 38.013157 99.08582 37.802116 96.02083 31.764761 64.84597 41.773197 29.15476 61.846584 37.01351 55.081757 0.0 65.76473 101.53325 
16.27882 65.192024 63.245552 89.40358 63.06346 40.36087 21.023796 79.60528 85.61542 84.89994 94.33981 15.264338 35.014282 24.020824 84.14868 9.486833 58.30952 71.693794 57.558666 48.104053 47.801674 82.0 66.70832 24.083189 84.5281 7.071068 29.410883 76.6094 65.76473 0.0 56.515484 
72.780495 48.0 49.09175 85.02353 108.706024 47.169907 36.769554 86.12201 101.84302 122.28655 93.13431 47.0 24.41311 65.459915 114.05701 47.07441 7.615773 83.48653 5.3851647 100.239716 9.0 100.08996 56.142673 67.95587 128.0039 53.14132 76.00658 75.66373 101.53325 56.515484 0.0 
